   6.7324242e+00   6.3409487e+00
  -1.3375262e+00  -8.8021456e-01
  -2.3457463e+00   9.4366949e+00
  -1.2524024e+01   3.5561852e+00
  -3.0456273e+00   8.5418188e+00
  -8.2418533e-01   1.5553417e+01
   1.9758801e+00  -9.5758108e+00
   9.2317556e+00  -5.8417480e+00
  -6.7379768e+00  -1.0569812e+01
   6.8772732e+00  -7.6622264e+00
  -1.7946038e+01   8.5519489e-01
  -3.1711045e-01  -5.8838082e+00
   2.6800241e+00  -4.1932909e+00
  -6.4507240e+00  -2.0263324e+00
  -6.5120501e+00   7.2691575e+00
  -1.1085546e+01   3.2769903e+00
  -2.9260967e+00  -1.6165645e+00
  -1.3826169e+01   3.9087444e+00
   3.2974233e+00   1.0033550e+00
  -3.3617024e+00   2.4141274e+00
  -1.2034180e+00   1.6122657e+01
  -2.0923196e+00   1.5073798e-01
   7.1358447e-01  -6.9201478e+00
   3.2277838e+00  -3.1587840e-02
   1.6011557e-01  -1.6315936e+00
  -1.0654825e+00   2.5591149e+00
  -9.4427648e+00   5.3120315e+00
   3.0107604e+00   8.0534983e+00
  -1.3323415e+01  -5.1877750e+00
  -4.2048982e+00   9.2218265e-01
  -9.9923488e+00   4.2575655e+00
  -1.0608781e+01  -1.9349438e+00
  -1.1422775e-01  -9.0420017e+00
  -7.8228706e+00  -2.3904548e+00
  -7.4762701e+00  -9.3377137e-01
  -9.9936543e+00   1.5976119e+00
   1.2794976e+01  -5.7968944e+00
  -9.4447707e-01   5.7331042e+00
   6.2256473e+00   1.9435297e+01
  -1.0727376e+01   1.8992762e+00
  -5.7063066e+00  -3.0155843e+00
   6.8682082e-01  -1.4370407e+01
   7.1163790e+00  -7.9615243e-04
   6.3413941e-01  -4.4105311e+00
   5.2251110e+00  -3.3780791e+00
  -5.0014096e+00  -5.2167544e+00
   4.0276903e-01  -6.8089015e+00
  -1.2123795e+00   1.1329229e+01
  -5.3811425e+00  -4.8553510e+00
  -5.2321846e+00  -4.6639133e+00
   2.5662440e+00  -3.4452465e-01
   7.0376302e+00  -6.3506259e+00
  -5.9287978e-01   9.3590309e-01
   9.0882051e-03  -4.3177740e-01
   3.2552140e+00   4.6607091e+00
   4.0861920e+00   2.0776328e-01
   7.3986948e+00  -3.5136889e+00
   8.6242759e+00  -9.5686944e+00
   3.4071455e+00   7.3252416e+00
  -1.9214683e+00   9.5092450e+00
  -1.1554594e+01   1.3804676e+01
   3.2599852e+00  -4.2730084e+00
  -1.2720257e+01   2.0333103e+01
  -3.4187944e-01  -6.4355728e+00
   4.0937771e-01  -5.2399150e-01
  -5.6553525e+00   2.3500448e+00
   4.9590538e+00   7.1889386e-01
   5.0617625e+00  -8.5041822e+00
  -3.3468704e+00   7.3767199e+00
  -4.5653602e+00  -3.1454815e+00
  -1.1523477e+01  -4.2029266e-01
   4.4685316e+00  -2.4527533e+00
  -7.5073217e+00   1.2973836e+01
  -1.1147423e+00   1.9566310e+00
   9.9997248e-01  -2.2829319e+00
   4.5463293e+00   4.2891478e+00
   1.0573817e+01   2.9795535e+00
  -6.9094850e+00   4.6466571e-01
  -7.4757504e+00   1.2560796e+01
   1.1901625e+01  -4.5290915e+00
   1.7118592e+00  -4.9314789e+00
  -1.2092447e+01   6.6052273e+00
  -3.2139577e+00  -1.9370974e+00
  -1.7935208e+01  -8.5411012e+00
  -6.5648816e+00  -1.2114328e+01
   1.0007024e+01   6.0102992e+00
  -1.2865214e-01  -1.2048059e+00
  -2.0485611e-02  -6.6340142e+00
  -4.8427671e+00   1.1087981e+01
   3.1625409e+00  -1.2410338e+01
   1.4309733e+00  -1.0769963e+01
   1.6514512e+01  -6.1230548e-01
  -8.9069814e+00  -3.0489302e+00
  -1.8575523e+00  -4.7569221e+00
  -1.5731347e+00  -4.4784076e+00
  -8.1163448e+00  -7.4553382e+00
   6.1538847e+00   1.4712107e+01
   5.2284914e+00  -2.5020631e+00
   3.1853471e+00  -1.5050049e+00
  -5.6963823e-01  -4.2616864e+00
  -8.3579007e+00   4.0172935e+00
  -9.9685764e+00   1.1168864e+00
  -7.2758608e+00   5.0948454e+00
   2.6906817e+01   2.8867387e-01
   3.7843816e+00   9.3734967e+00
   2.3281651e-01  -3.4119822e+00
   3.9355067e+00  -7.3151442e+00
  -1.0441976e+01  -9.1069995e+00
   1.2967091e+01   4.6802314e-01
   5.4672490e+00   1.6853725e+00
  -9.3408687e+00  -2.9339108e+00
   4.9034244e+00  -8.4475485e+00
  -3.2820902e+00  -3.8654624e+00
  -4.0178104e+00  -1.4673451e+00
  -3.8628344e+00  -8.4406112e+00
   7.0312896e+00   2.0337375e-01
   8.7025189e-01  -1.0523273e+01
  -6.4704469e+00   1.2167213e+01
  -1.0222951e+01  -2.9193196e+00
  -2.8088716e+00   2.5155028e+00
   3.3686272e+00   4.8346374e+00
  -1.7812347e+01  -3.2577211e+00
  -3.3766534e+00  -5.9958780e+00
  -4.0787158e+00  -9.3708046e+00
  -3.9208147e+00  -4.1860520e+00
   1.3052439e+00   1.5586646e+01
   4.7281164e+00  -8.1358292e+00
  -7.5232443e+00  -8.0702176e+00
  -2.4389309e+00   2.5466619e+00
   9.5066503e-02  -5.8445148e-01
  -3.1744968e+00   9.3075331e+00
   2.2204286e+00   4.2230011e+00
   3.6041306e+00   7.1930223e+00
  -5.8954896e+00  -1.9691258e+00
   2.7915091e+00  -3.2656094e+00
  -6.7112981e-01  -1.1802904e+00
   2.8881188e+00   3.4997552e+00
   1.8540141e+01  -3.3966606e+00
   6.9571684e+00  -2.3396878e+00
   4.6127951e+00   9.8007203e+00
  -1.6075514e+01   1.4811171e+00
  -9.1875397e+00   5.3325805e+00
   5.4331766e+00  -1.3480859e+00
   8.7051910e-01  -6.9547852e+00
  -2.6945256e+00  -2.3573847e-01
   6.7334587e+00  -3.7650240e+00
   8.5272326e+00   1.4967040e+00
  -7.8719891e+00   5.8193592e+00
  -7.2194634e+00   5.3209854e+00
  -5.8749535e+00  -2.1869906e-01
   1.1219749e+01  -4.0328571e-01
  -4.9470974e+00   7.6405564e+00
  -4.4301206e+00   7.1505479e-01
   7.8629226e+00   2.3058465e+00
  -5.0013488e+00   1.6372510e+00
   3.9822295e+00   4.2867115e-01
   1.4035722e+01  -6.9458181e+00
   8.3658209e-01   1.2190198e+01
   9.1006860e+00  -3.6162980e+00
   4.5205015e+00   3.2916704e-01
  -1.2439609e+01   1.0063874e+01
   2.9859328e+00  -6.8788740e-01
  -7.8127015e+00   6.3138721e+00
  -1.3801527e+01   7.1867939e+00
  -1.1937709e+00  -6.5365326e+00
  -6.4027182e+00   5.2698127e+00
  -3.6273185e+00   7.8455951e+00
  -1.4382460e+00   6.9746735e+00
   5.7251736e+00  -5.7059390e+00
  -1.6649168e+01   2.4235756e+00
  -1.3568563e+01   8.6287124e+00
  -1.3092134e+00   7.3625142e+00
  -2.2779495e+00   1.0272501e+01
   8.5597393e+00   6.6109196e+00
  -6.6802958e+00  -1.5019623e+01
  -8.8811814e+00   9.7832638e+00
  -2.5988114e+00   8.3715450e-01
   6.2432717e+00   4.3140461e+00
   2.0618982e+00  -5.5805463e+00
  -6.8276593e+00  -1.6302734e+00
  -7.8571526e+00   1.1320605e+01
  -9.3014392e-01  -4.1648483e+00
   1.1689704e+00  -8.1784635e+00
  -1.0400465e+01   2.3335998e+00
   1.5721243e+01  -6.7980909e+00
   1.5759932e+01  -1.5455987e+01
  -7.4229169e+00   9.4363528e+00
   1.1671360e+01  -3.5513236e+00
  -9.3239305e+00   5.4868418e+00
   3.8423909e+00  -1.2392928e+01
  -1.8966988e+00  -1.1201386e+00
  -2.4011377e+00  -4.8997456e+00
  -8.8992420e-01  -5.5627013e+00
   9.6314273e-01   4.9239304e+00
   4.9226612e+00  -1.1077280e+01
  -9.8133133e+00   8.6585182e+00
  -2.4287447e+01   1.1769329e+01
   1.2078920e+01   4.0454974e+00
   2.4546598e+00   5.4703107e+00
   4.5522529e+00  -5.9541115e+00
  -5.3817245e+00   7.8424327e+00
  -3.4743845e+00   2.7479317e+00
  -8.0196681e+00   6.2100481e+00
  -1.8638077e+01   4.8367472e+00
  -2.9574573e+00  -3.7541270e+00
  -1.5632323e+01  -2.3589426e+00
   3.5214075e+00   5.1612719e+00
   1.2619860e+01  -2.0900458e+00
  -8.0622205e+00  -1.0932385e+01
   1.2276201e+00  -5.5438384e+00
  -4.9969415e+00   1.6134341e-01
  -1.4174936e+00  -3.3192032e+00
  -4.5960805e+00   9.4467617e+00
  -2.8684114e+00   1.9764864e+00
   4.3457355e+00  -1.0978513e+01
  -1.0468559e+00  -2.7897628e+00
  -6.9577657e+00   1.1672461e+01
   6.0237072e+00   3.2776680e+00
  -5.6961204e+00  -8.3289710e+00
  -2.3918204e+00  -2.1094770e+00
   5.2967577e+00  -9.9107010e+00
  -4.3056497e+00  -4.6240961e-01
   4.3022078e+00  -1.8660335e+01
   5.1617670e-01  -6.1674849e+00
  -1.3855562e+01  -2.7575643e+00
  -3.8611474e+00  -1.1620829e+01
  -1.1420985e+01  -5.2307501e+00
  -1.4636783e+00  -8.2764982e+00
  -3.2463304e+00   3.7324457e+00
  -6.8434037e+00   6.6229115e+00
  -8.1422380e+00  -1.0139226e+01
   1.1728805e+01   2.0071779e+00
   1.2881005e+01   1.0750292e+00
  -9.5860344e+00   2.8506029e+00
  -3.7825714e+00   6.0642894e+00
  -2.1774137e+00  -5.2930962e+00
  -9.4555634e-01   2.0971792e+00
  -1.1512324e+01   9.8563049e+00
  -4.0219884e+00   2.7089142e+00
   3.1371557e+00  -5.0750489e+00
   9.7592154e+00  -6.1561475e+00
  -4.2755352e-01   1.7065894e+00
  -5.4497730e+00   1.1374697e+01
  -6.9343516e+00  -1.1991494e+01
  -1.4518173e+01   7.9520436e+00
  -7.4670595e+00   9.7586583e-01
   1.0764051e+01   8.1471975e+00
   1.2696416e+00  -1.5799135e-01
   1.1905132e+01  -7.0236662e+00
   2.3849531e+00  -1.6028662e+01
   6.1440829e+00  -1.0132405e+00
  -2.7535552e+00   4.9050744e+00
  -8.1899478e+00  -5.3590527e+00
  -1.6156898e+00  -1.6099362e+00
   2.8859598e+00  -8.0380528e+00
  -1.3414500e+01  -3.6713079e+00
